me = 2 cnt = 0 time = 0
1 1 1 1 1 1
2 2 6 2 2 3
2 2 5 2 2 3
2 2 2 4 6 3
0 0 0 0 0 6
0 0 0 0 0 9
me = 2 cnt = 1 time = 9
1 9 1 1 1 1
2 2 6 2 2 3
2 2 5 2 2 3
2 2 2 4 6 3
0 0 0 0 0 6
0 0 0 0 0 0
me = 3 cnt = 0 time = 10
9 0 1 1 1 1
2 2 6 2 2 3
2 2 5 2 2 3
2 2 2 4 6 3
0 0 0 0 0 6
0 0 0 0 0 0
me = 3 cnt = 1 time = 11
0 0 1 1 1 1
9 2 6 2 2 3
2 2 5 2 2 3
2 2 2 4 6 3
0 0 0 0 0 6
0 0 0 0 0 0
me = 3 cnt = 2 time = 12
0 0 1 1 1 1
0 9 6 2 2 3
2 2 5 2 2 3
2 2 2 4 6 3
0 0 0 0 0 6
0 0 0 0 0 0
me = 4 cnt = 0 time = 13
0 0 1 1 1 1
0 0 6 2 2 3
2 9 5 2 2 3
2 2 2 4 6 3
0 0 0 0 0 6
0 0 0 0 0 0
me = 4 cnt = 1 time = 14
0 0 1 1 1 1
0 0 6 2 2 3
9 0 5 2 2 3
2 2 2 4 6 3
0 0 0 0 0 6
0 0 0 0 0 0
me = 4 cnt = 2 time = 15
0 0 1 1 1 1
0 0 6 2 2 3
0 0 5 2 2 3
9 2 2 4 6 3
0 0 0 0 0 6
0 0 0 0 0 0
me = 4 cnt = 3 time = 16
0 0 1 1 1 1
0 0 6 2 2 3
0 0 5 2 2 3
0 9 2 4 6 3
0 0 0 0 0 6
0 0 0 0 0 0
me = 5 cnt = 0 time = 17
0 0 1 1 1 1
0 0 6 2 2 3
0 0 5 2 2 3
0 0 9 4 6 3
0 0 0 0 0 6
0 0 0 0 0 0
me = 5 cnt = 1 time = 18
0 0 1 1 1 1
0 0 6 2 2 3
0 0 5 2 2 3
0 0 0 9 6 3
0 0 0 0 0 6
0 0 0 0 0 0
me = 5 cnt = 2 time = 19
0 0 1 1 1 1
0 0 6 2 2 3
0 0 5 9 2 3
0 0 0 0 6 3
0 0 0 0 0 6
0 0 0 0 0 0
me = 5 cnt = 3 time = 20
0 0 1 1 1 1
0 0 6 9 2 3
0 0 5 0 2 3
0 0 0 0 6 3
0 0 0 0 0 6
0 0 0 0 0 0
me = 5 cnt = 4 time = 21
0 0 1 9 1 1
0 0 6 0 2 3
0 0 5 0 2 3
0 0 0 0 6 3
0 0 0 0 0 6
0 0 0 0 0 0
me = 6 cnt = 0 time = 22
0 0 9 0 1 1
0 0 6 0 2 3
0 0 5 0 2 3
0 0 0 0 6 3
0 0 0 0 0 6
0 0 0 0 0 0
me = 6 cnt = 1 time = 24
0 0 0 0 9 1
0 0 6 0 2 3
0 0 5 0 2 3
0 0 0 0 6 3
0 0 0 0 0 6
0 0 0 0 0 0
me = 6 cnt = 2 time = 25
0 0 0 0 0 9
0 0 6 0 2 3
0 0 5 0 2 3
0 0 0 0 6 3
0 0 0 0 0 6
0 0 0 0 0 0
me = 6 cnt = 3 time = 26
0 0 0 0 0 0
0 0 6 0 2 9
0 0 5 0 2 3
0 0 0 0 6 3
0 0 0 0 0 6
0 0 0 0 0 0
me = 6 cnt = 4 time = 27
0 0 0 0 0 0
0 0 6 0 9 0
0 0 5 0 2 3
0 0 0 0 6 3
0 0 0 0 0 6
0 0 0 0 0 0
me = 6 cnt = 5 time = 28
0 0 0 0 0 0
0 0 6 0 0 0
0 0 5 0 9 3
0 0 0 0 6 3
0 0 0 0 0 6
0 0 0 0 0 0
me = 7 cnt = 0 time = 29
0 0 0 0 0 0
0 0 6 0 0 0
0 0 5 0 0 9
0 0 0 0 6 3
0 0 0 0 0 6
0 0 0 0 0 0
me = 7 cnt = 1 time = 30
0 0 0 0 0 0
0 0 6 0 0 0
0 0 5 0 0 0
0 0 0 0 6 9
0 0 0 0 0 6
0 0 0 0 0 0
me = 7 cnt = 2 time = 31
0 0 0 0 0 0
0 0 6 0 0 0
0 0 5 0 0 0
0 0 0 0 9 0
0 0 0 0 0 6
0 0 0 0 0 0
me = 7 cnt = 3 time = 33
0 0 0 0 0 0
0 0 6 0 0 0
0 0 5 0 0 0
0 0 0 0 0 0
0 0 0 0 0 9
0 0 0 0 0 0
me = 7 cnt = 4 time = 38
0 0 0 0 0 0
0 0 6 0 0 0
0 0 9 0 0 0
0 0 0 0 0 0
0 0 0 0 0 0
0 0 0 0 0 0
me = 7 cnt = 5 time = 39
0 0 0 0 0 0
0 0 9 0 0 0
0 0 0 0 0 0
0 0 0 0 0 0
0 0 0 0 0 0
0 0 0 0 0 0
